
Call:
PCA(X = data2[, 4:8], scale.unit = F, ncp = 12, quali.sup = 5,  
     graph = T) 


Eigenvalues
                         Dim.1     Dim.2     Dim.3     Dim.4
Variance             45453.898 25430.491  8625.581  5247.172
% of var.               53.628    30.004    10.177     6.191
Cumulative % of var.    53.628    83.632    93.809   100.000

Individuals (the 10 first)
             Dist      Dim.1      ctr     cos2      Dim.2      ctr     cos2      Dim.3      ctr     cos2  
1      |  587.686 |  451.152    0.164    0.589 | -157.005    0.036    0.071 |  283.302    0.341    0.232 |
2      |  367.827 |  313.171    0.079    0.725 | -107.602    0.017    0.086 |  151.453    0.098    0.170 |
3      |  451.709 |  400.607    0.130    0.787 | -132.818    0.025    0.086 |   47.121    0.009    0.011 |
4      |  297.107 |  225.937    0.041    0.578 |  166.686    0.040    0.315 |   82.981    0.029    0.078 |
5      |  476.811 |  354.208    0.101    0.552 | -125.196    0.023    0.069 |  280.368    0.334    0.346 |
6      |  483.554 |  226.156    0.041    0.219 | -357.836    0.185    0.548 |  219.748    0.205    0.207 |
7      |  410.089 |  295.368    0.070    0.519 | -256.522    0.095    0.391 |  -16.970    0.001    0.002 |
8      |  390.455 |  289.127    0.067    0.548 |  192.422    0.053    0.243 |  160.290    0.109    0.169 |
9      |  473.574 |  364.070    0.107    0.591 |  -73.462    0.008    0.024 |  291.165    0.361    0.378 |
10     |  533.588 | -370.532    0.111    0.482 | -213.753    0.066    0.160 |  249.329    0.264    0.218 |

Variables
           Dim.1     ctr    cos2     Dim.2     ctr    cos2     Dim.3     ctr    cos2  
KLRG1  | 101.078  22.477   0.343 | 139.612  76.647   0.654 |  -8.483   0.834   0.002 |
CD25   |  -9.601   0.203   0.011 |  20.551   1.661   0.050 |  85.206  84.169   0.853 |
CCR8   |  32.060   2.261   0.153 |  -9.959   0.390   0.015 |  35.853  14.902   0.191 |
Ki67   | 184.708  75.059   0.859 | -73.603  21.303   0.136 |   2.848   0.094   0.000 |

Supplementary categories (the 10 first)
             Dist      Dim.1     cos2   v.test      Dim.2     cos2   v.test      Dim.3     cos2   v.test  
cur_11 |   36.385 |    4.231    0.014    0.785 |   -1.931    0.003   -0.479 |  -21.105    0.336   -8.986 |
cur_5  |  343.544 |  254.926    0.551    3.787 | -106.509    0.096   -2.116 |  174.879    0.259    5.964 |
cur_6  |  342.120 |  313.605    0.840   12.466 |  102.720    0.090    5.459 |   79.435    0.054    7.248 |
cur_7  |  150.368 |  140.080    0.868    9.281 |   50.509    0.113    4.474 |    0.870    0.000    0.132 |
cur_8  |   48.508 |   -3.958    0.007   -0.288 |   17.220    0.126    1.674 |  -43.385    0.800   -7.243 |
cur_9  |   28.986 |    0.476    0.000    0.049 |   -3.016    0.011   -0.418 |   -7.718    0.071   -1.836 |
ina_11 |  121.870 | -117.179    0.925   -6.874 |  -17.127    0.020   -1.343 |    4.788    0.002    0.645 |
ina_5  |  306.525 |  127.162    0.172    5.308 | -193.206    0.397  -10.783 |  150.195    0.240   14.393 |
ina_6  |  209.363 |  140.064    0.448    4.688 |   86.782    0.172    3.883 |  117.234    0.314    9.007 |
ina_7  |   84.333 |  -53.713    0.406   -2.272 |  -52.155    0.382   -2.949 |   37.780    0.201    3.669 |
