
Call:
PCA(X = data2[, 4:8], scale.unit = T, ncp = 4, quali.sup = 5,  
     graph = T) 


Eigenvalues
                       Dim.1   Dim.2   Dim.3   Dim.4
Variance               1.492   1.080   0.891   0.537
% of var.             37.291  26.995  22.283  13.431
Cumulative % of var.  37.291  64.286  86.569 100.000

Individuals (the 10 first)
           Dist    Dim.1    ctr   cos2    Dim.2    ctr   cos2    Dim.3    ctr   cos2  
1      |  5.180 |  4.176  0.429  0.650 |  1.670  0.095  0.104 | -2.543  0.266  0.241 |
2      |  2.707 |  2.297  0.130  0.720 |  0.844  0.024  0.097 | -1.106  0.050  0.167 |
3      |  3.425 |  3.088  0.235  0.813 | -0.479  0.008  0.020 | -1.304  0.070  0.145 |
4      |  2.106 |  1.757  0.076  0.696 |  1.027  0.036  0.238 |  0.352  0.005  0.028 |
5      |  4.095 |  3.045  0.228  0.553 |  1.972  0.132  0.232 | -1.872  0.144  0.209 |
6      |  3.628 |  2.090  0.107  0.332 |  0.830  0.023  0.052 | -2.772  0.316  0.584 |
7      |  2.948 |  2.137  0.112  0.526 | -1.325  0.060  0.202 | -1.527  0.096  0.268 |
8      |  3.073 |  2.461  0.149  0.642 |  1.765  0.106  0.330 |  0.058  0.000  0.000 |
9      |  3.968 |  2.857  0.201  0.518 |  2.290  0.178  0.333 | -1.394  0.080  0.123 |
10     |  4.132 | -0.190  0.001  0.002 |  1.837  0.115  0.198 | -3.490  0.501  0.714 |

Variables
          Dim.1    ctr   cos2    Dim.2    ctr   cos2    Dim.3    ctr   cos2  
KLRG1  |  0.567 21.562  0.322 |  0.211  4.133  0.045 |  0.768 66.241  0.590 |
CD25   | -0.009  0.006  0.000 |  0.956 84.716  0.915 | -0.088  0.868  0.008 |
CCR8   |  0.720 34.752  0.518 |  0.179  2.969  0.032 | -0.538 32.474  0.289 |
Ki67   |  0.807 43.681  0.652 | -0.297  8.182  0.088 | -0.061  0.417  0.004 |

Supplementary categories (the 10 first)
            Dist     Dim.1    cos2  v.test     Dim.2    cos2  v.test     Dim.3    cos2  v.test  
cur_11 |   0.428 |  -0.208   0.236  -6.721 |  -0.171   0.161  -6.520 |   0.249   0.340  10.449 |
cur_5  |   3.027 |   2.372   0.614   6.151 |   1.043   0.119   3.179 |  -1.560   0.266  -5.233 |
cur_6  |   2.278 |   2.138   0.881  14.832 |   0.750   0.108   6.116 |   0.202   0.008   1.813 |
cur_7  |   0.824 |   0.629   0.583   7.272 |   0.070   0.007   0.947 |   0.482   0.343   7.217 |
cur_8  |   0.520 |  -0.201   0.149  -2.546 |  -0.354   0.464  -5.285 |   0.323   0.387   5.310 |
cur_9  |   0.336 |   0.148   0.193   2.673 |  -0.127   0.143  -2.704 |  -0.142   0.179  -3.330 |
ina_11 |   0.805 |  -0.777   0.930  -7.956 |   0.138   0.029   1.655 |  -0.046   0.003  -0.614 |
ina_5  |   2.873 |   1.778   0.383  12.959 |   0.615   0.046   5.267 |  -2.143   0.556 -20.203 |
ina_6  |   1.879 |   1.388   0.546   8.111 |   1.200   0.408   8.241 |  -0.256   0.019  -1.932 |
ina_7  |   0.576 |  -0.150   0.068  -1.110 |   0.253   0.192   2.192 |  -0.495   0.736  -4.725 |
